chr	pos	major_nuc	minor_nuc	ACO1_mjc	ACO1_mc	ACO2_mjc	ACO2_mc	ACO3_mjc	ACO3_mc	ACO4_mjc	ACO4_mc	ACO5_mjc	ACO5_mc	AO1_mjc	AO1_mc	AO2_mjc	AO2_mc	AO3_mjc	AO3_mc	AO4_mjc	AO4_mc	AO5_mjc	AO5_mc	CO1_mjc	CO1_mc	CO2_mjc	CO2_mc	CO3_mjc	CO3_mc	CO4_mjc	CO4_mc	CO5_mjc	CO5_mc	nCO1_mjc	nCO1_mc	nCO2_mjc	nCO2_mc	nCO3_mjc	nCO3_mc	nCO4_mjc	nCO4_mc	nCO5_mjc	nCO5_mc	p_value
X	1815513	G	C	0	124	8	119	0	133	16	100	0	86	22	54	0	134	0	93	18	77	0	118	63	9	108	2	140	10	80	7	25	4	93	34	61	15	42	23	107	23	46	6	2.76E-273
X	1987591	G	A	0	88	1	123	0	100	17	93	0	67	0	62	0	103	0	88	0	89	0	111	44	2	92	0	100	1	77	0	25	0	89	2	53	12	53	2	113	2	40	1	3.26083326255223e-322
X	2034528	T	A	0	110	2	106	0	96	20	82	0	56	0	65	0	112	0	82	0	89	0	96	53	3	100	5	119	0	85	13	29	0	105	12	58	11	57	3	96	2	55	1	1.67746999999795e-312
X	2073341	C	T	0	108	5	121	0	125	17	80	0	59	0	74	0	115	0	74	0	106	0	117	41	4	91	8	113	1	54	10	25	0	108	6	57	12	59	2	81	4	56	3	3.03911900000464e-313
X	2145860	A	C	120	0	124	2	141	0	101	17	80	0	78	0	168	0	119	0	105	0	133	0	19	47	25	89	53	103	29	67	6	23	23	100	12	45	24	50	24	79	9	48	3.31E-257
X	2163987	A	G	0	122	8	107	0	133	17	89	0	73	26	50	0	127	0	89	18	75	0	109	34	3	113	1	107	1	69	0	20	0	87	10	37	13	69	0	99	2	58	0	1.08E-294
X	2248847	G	A	0	106	4	118	0	124	32	105	0	96	39	61	0	116	0	106	25	78	0	118	48	1	87	0	133	0	111	0	27	0	95	10	66	10	59	3	99	4	44	0	7.28460999997545e-313
X	2260478	C	T	0	90	2	132	0	125	16	94	0	61	25	38	0	120	0	82	20	69	0	118	54	2	110	0	109	1	71	0	39	0	102	2	72	8	71	1	96	5	56	0	5.92878775009496e-322
X	2322137	C	G	144	0	152	3	175	1	123	17	76	0	100	0	153	0	103	0	107	0	150	0	32	42	27	118	37	130	35	80	6	31	35	121	26	73	23	46	18	103	14	66	8.38E-306
X	2494042	C	T	0	106	5	131	0	141	19	85	0	69	34	39	0	141	0	129	9	87	1	113	53	14	87	41	140	23	79	26	49	2	99	51	52	17	80	20	119	35	76	13	4.60E-243
X	2649981	G	C	0	108	2	102	0	105	11	87	0	62	27	44	0	124	0	78	25	88	0	115	50	5	138	5	114	5	93	9	42	0	113	14	64	8	65	7	101	8	71	8	3.13E-301
X	2655611	C	T	0	132	2	132	0	128	21	98	0	68	19	46	0	148	0	100	13	64	0	111	44	2	139	0	140	1	77	13	41	1	101	15	46	8	78	5	101	11	62	12	1.58940918267129e-320
X	2741972	T	A	0	94	0	128	0	125	16	97	0	76	25	47	0	127	0	84	20	79	0	108	53	6	113	1	134	0	92	0	30	3	87	22	56	8	60	11	80	24	50	2	2.79E-288
X	2795949	G	C	0	116	5	131	0	122	16	87	0	69	0	77	0	107	0	93	0	108	0	109	59	3	124	4	126	5	69	5	36	2	89	18	62	9	52	12	79	21	55	3	4.94065645841247e-323
X	2822216	C	T	0	82	2	119	0	118	20	101	0	72	0	66	0	136	0	99	0	99	0	92	40	4	115	4	115	6	63	8	29	1	87	9	54	6	54	6	101	7	42	2	8.65246399871352e-316
X	2876573	G	A	0	120	2	112	0	134	20	96	0	71	0	58	0	118	0	95	0	105	0	117	39	2	81	5	124	3	84	0	30	1	92	6	51	10	73	4	89	18	28	9	9.32215906280056e-318
X	2948510	C	T	102	0	129	3	146	0	107	24	72	0	75	0	135	0	103	0	124	0	146	0	9	55	22	86	12	124	34	68	3	29	42	85	23	64	21	41	37	84	19	29	2.19E-254
X	2964459	C	T	24	146	21	99	3	139	42	72	43	28	11	62	26	101	27	63	4	94	2	95	63	1	104	6	138	0	102	0	19	1	91	13	61	8	67	0	107	9	50	9	1.78E-251
X	4086120	C	T	6	112	6	118	2	115	41	60	0	84	0	77	3	107	31	45	0	107	4	114	41	19	120	11	114	20	71	6	19	7	102	11	64	15	61	4	95	18	36	20	1.95E-238
X	4249731	C	G	94	0	130	5	118	0	86	16	66	0	73	0	124	0	94	0	86	0	93	0	6	57	18	98	24	107	8	69	14	22	17	104	27	42	6	68	31	85	13	19	2.29E-251
X	4354063	T	C	128	0	156	1	156	0	143	29	75	0	90	1	155	0	118	27	129	0	100	15	32	53	54	60	38	114	18	89	12	18	59	82	22	57	30	57	33	97	11	43	1.36E-226
X	4839052	C	T	124	2	136	1	148	25	140	5	67	0	64	0	149	0	106	0	87	8	110	0	15	41	27	113	10	155	14	102	1	45	44	95	8	58	24	59	54	70	10	42	9.04E-284
X	4940782	C	T	124	14	119	1	111	18	138	7	71	2	62	0	147	6	79	31	91	11	116	0	8	44	7	119	3	126	8	92	0	35	14	116	10	81	12	51	10	104	5	54	1.78E-306
X	5346401	A	G	26	110	5	95	20	92	32	63	4	60	17	52	1	129	12	76	0	111	0	96	39	16	109	4	120	12	78	14	24	3	100	11	64	8	69	3	123	15	52	6	2.78E-240
X	5687417	G	C	44	76	28	113	1	137	97	32	7	66	7	68	0	113	47	48	0	101	45	85	66	6	103	8	152	1	109	0	24	2	121	15	61	10	68	10	121	7	59	2	7.97E-232
X	5747134	C	T	76	68	35	105	0	157	111	35	10	77	18	61	13	139	0	99	8	101	58	71	60	0	117	0	138	0	100	0	31	0	125	0	84	2	58	0	120	1	68	0	1.77E-274
X	5890724	C	T	54	42	22	106	53	72	64	55	10	50	13	53	9	149	0	100	12	79	45	81	64	2	135	0	149	3	119	0	52	0	127	5	73	1	73	8	117	10	72	0	1.50E-244
X	6429797	A	T	126	0	108	0	140	0	84	21	56	1	68	4	121	0	112	0	98	0	96	10	19	47	9	103	14	133	2	89	2	41	27	92	0	68	17	75	13	106	5	58	2.00791800001824e-313
X	6529303	G	T	10	112	1	100	8	128	33	64	14	66	0	79	1	146	50	49	0	104	0	123	50	4	90	37	140	17	79	6	14	6	97	17	61	18	56	9	88	9	64	4	6.13E-244
X	6582092	T	A	6	120	2	106	9	145	22	72	18	82	0	97	4	154	33	84	0	99	34	85	68	5	110	29	138	16	91	11	27	5	108	17	71	4	72	1	112	6	56	6	6.42E-289
X	6623544	T	C	6	96	10	111	14	124	47	57	15	52	0	86	5	127	31	60	0	115	0	101	81	6	140	20	128	26	93	10	25	4	135	18	98	7	86	5	158	9	78	8	1.16E-295
X	6766779	A	G	44	118	28	125	58	81	29	105	58	34	25	67	1	164	0	118	22	83	0	145	58	3	130	9	150	18	105	1	25	4	118	13	91	1	69	3	126	14	57	7	7.23E-263
X	8151526	G	A	0	122	1	116	14	111	22	112	0	76	8	72	0	146	0	110	0	112	0	121	57	16	88	12	118	28	108	1	25	8	113	14	93	7	50	3	107	6	49	11	1.48713759398215e-321
X	8218116	A	T	164	0	141	1	130	0	110	15	81	0	83	0	143	0	113	0	124	0	102	10	16	46	20	121	24	97	3	97	8	25	29	111	10	70	14	60	13	101	18	45	8.45735643763296e-318
X	8717437	T	C	82	0	109	20	127	5	96	20	84	0	61	0	144	0	109	1	87	3	115	0	11	39	13	93	14	121	31	74	0	26	25	95	18	60	18	51	8	96	14	33	1.84E-250
X	9730756	A	C	136	0	79	44	124	1	91	25	64	4	71	0	85	50	69	22	108	0	102	1	26	47	12	118	8	125	5	103	3	30	28	106	11	59	13	63	14	85	14	48	1.49E-228
X	10639538	T	A	38	106	12	120	3	129	44	70	2	77	0	100	36	124	17	63	2	89	6	110	66	6	118	22	165	2	93	22	33	5	120	8	70	12	91	6	156	18	67	8	4.05E-281
X	10652956	A	G	58	96	8	131	3	100	31	59	2	60	0	65	42	93	32	68	2	113	7	79	67	7	116	25	155	2	85	18	48	0	121	2	68	11	84	12	124	12	52	15	5.65E-242
X	10944548	A	G	78	6	108	1	124	14	106	16	100	1	56	8	113	53	109	1	123	0	133	0	16	52	11	102	8	129	24	94	0	25	11	103	12	55	2	76	13	92	12	50	4.90E-275
X	11077654	T	C	96	22	124	2	145	0	109	4	86	1	77	4	91	62	88	15	91	0	107	11	10	61	3	96	2	144	4	114	2	30	16	120	5	74	4	90	26	99	23	52	1.22E-297
X	11107622	G	A	76	12	127	1	125	0	95	7	73	2	81	1	82	34	70	17	99	0	105	9	6	50	6	107	0	138	0	79	2	28	8	107	4	64	4	49	16	108	11	49	7.82E-292
X	13618883	G	T	88	24	122	3	112	0	103	28	55	27	65	0	147	0	83	17	98	0	119	0	15	45	36	72	19	139	20	108	0	21	18	89	3	75	21	58	11	101	10	43	1.22E-243
X	16249694	C	T	26	90	18	128	2	136	22	91	5	88	12	58	3	169	5	110	57	36	0	126	65	8	131	15	148	20	127	7	36	5	116	34	74	8	84	11	111	15	66	7	1.06E-277
X	16270729	A	T	24	102	16	94	0	123	8	68	2	53	10	68	1	163	5	78	53	42	0	121	70	1	151	1	149	4	103	1	39	3	133	7	64	18	99	1	156	2	57	12	1.58101006669199e-322
X	16352150	T	A	22	104	21	101	0	119	17	104	16	41	8	65	0	132	31	53	0	87	0	103	74	3	145	3	148	4	98	1	48	0	148	10	57	20	92	4	144	6	73	11	8.2854808807577e-321
X	16403066	G	A	18	122	33	111	14	169	131	36	81	28	26	61	4	195	121	3	0	136	12	143	93	11	143	10	183	16	153	0	48	2	163	5	46	35	94	0	161	9	75	10	7.50E-273
X	16545052	A	T	22	128	23	91	6	132	28	101	26	34	6	60	0	151	45	57	0	104	11	108	56	0	113	0	124	31	72	24	34	4	103	13	72	1	63	10	114	1	51	3	3.31E-250
X	16575922	C	T	2	130	7	96	0	131	16	82	0	56	5	69	0	120	38	68	0	84	14	103	69	4	112	2	124	32	100	31	43	5	133	17	80	9	73	8	111	7	64	10	1.94E-287
X	18695682	C	T	0	100	0	118	2	130	24	108	0	91	0	82	0	143	0	80	0	109	0	117	56	3	112	3	135	11	88	2	26	1	101	20	48	24	50	11	79	5	53	13	1.48219693752374e-323
X	18725128	T	C	0	94	1	140	0	118	18	87	0	85	0	69	0	134	0	82	3	98	0	99	52	4	108	3	149	14	90	3	30	4	107	9	45	21	54	9	107	9	42	6	3.95252516672997e-323
X	18752628	C	A	0	120	3	123	0	108	14	78	0	55	0	75	0	136	0	88	1	90	0	101	60	8	125	0	121	2	83	13	42	1	101	9	31	20	65	12	93	4	51	5	4.0523264271899e-319
X	18805455	T	C	0	82	6	109	0	109	29	89	1	65	0	64	0	134	0	89	4	90	0	89	67	5	100	5	119	10	91	1	23	2	100	18	52	18	43	12	107	3	39	8	7.93E-289
X	18885539	T	G	0	152	1	108	1	121	29	69	5	59	8	64	0	116	0	96	6	99	1	98	60	4	129	5	135	20	105	4	29	5	115	21	80	16	73	17	132	1	68	13	5.92878775009496e-323
X	18915059	C	A	0	88	1	104	1	141	23	74	1	46	10	49	0	132	0	85	4	95	0	110	44	2	72	2	120	6	71	1	24	3	89	11	63	7	47	6	97	5	30	6	5.00E-285
X	18975576	T	C	0	102	3	124	1	138	13	89	4	41	7	54	1	136	0	93	0	106	0	111	64	9	134	9	125	16	94	2	31	4	135	9	50	19	70	2	96	13	44	11	3.26083326255223e-322
X	19024915	C	A	130	0	157	0	175	0	122	19	67	3	98	8	148	0	109	0	115	0	107	0	4	61	20	105	39	116	10	90	9	27	21	110	31	40	18	50	14	114	6	46	6.30274599988321e-314
X	19095359	A	G	2	134	3	111	0	128	19	76	0	61	0	77	0	149	0	68	14	93	0	87	56	8	112	22	99	36	67	17	19	7	104	24	31	37	54	16	90	15	54	18	5.74E-233
X	19129635	A	G	8	100	1	122	0	135	14	94	0	64	0	70	0	131	0	83	15	85	0	129	46	6	101	13	101	21	69	17	24	4	82	19	46	23	53	14	78	11	51	10	5.50E-258
X	19151717	A	G	80	0	128	0	136	1	120	23	110	0	86	0	154	1	111	0	101	0	131	0	6	50	26	101	36	139	14	72	6	20	28	96	31	38	16	51	19	89	11	47	9.16E-275
X	19286812	T	C	0	124	1	83	0	98	8	87	0	51	0	78	0	129	0	104	0	106	0	86	60	6	120	11	77	62	84	14	23	5	110	19	50	24	81	12	119	27	51	13	2.51E-271
X	19303859	T	C	92	0	157	6	139	0	104	20	85	0	76	0	177	0	111	0	103	0	136	0	12	69	20	95	28	102	18	63	5	27	10	107	18	58	14	56	25	91	13	39	6.59E-294
X	19721311	T	G	130	0	123	2	74	25	104	8	80	0	55	0	140	0	93	0	112	0	97	7	13	49	19	126	21	145	0	118	3	31	52	89	19	70	43	53	42	98	35	28	8.60E-251
X	22915756	T	C	116	0	137	1	160	2	101	44	72	0	96	0	176	4	118	7	127	0	120	12	32	56	24	136	69	128	18	115	14	25	85	69	20	85	30	66	68	111	42	38	3.38E-239
X	22961551	A	G	124	0	114	0	141	1	74	9	59	0	68	0	134	3	89	0	72	0	102	11	17	62	18	126	48	103	11	119	6	30	41	81	10	67	25	57	33	86	37	47	2.07E-248
2L	1984621	T	C	24	88	21	117	76	64	34	94	29	75	1	85	13	161	5	82	26	76	53	59	51	11	135	2	111	21	110	4	40	1	109	10	75	0	71	11	127	5	69	4	1.94E-225
2L	2007186	C	T	20	96	10	119	58	62	48	75	11	70	1	58	16	163	5	95	30	76	32	76	57	5	122	1	158	6	116	0	40	0	115	9	78	0	61	9	121	0	57	0	1.46E-263
2L	2463645	A	G	2	128	23	99	0	140	21	93	0	74	12	73	0	152	0	113	35	65	4	129	48	17	117	8	125	9	81	0	36	1	98	7	70	1	57	5	118	3	54	1	3.59015400335839e-316
2L	2514040	A	G	4	98	18	112	3	119	25	94	1	69	16	63	0	149	0	108	39	72	4	108	40	12	115	6	118	9	88	3	21	3	105	14	70	4	61	7	92	9	53	0	2.32E-276
2L	2670201	T	C	126	4	152	7	112	25	114	24	78	19	65	22	128	1	99	21	89	11	105	10	12	43	16	97	14	156	7	107	0	28	29	89	11	80	14	60	16	108	6	60	9.85E-260
2L	3126498	G	A	116	0	146	7	151	0	106	29	75	0	106	0	153	0	115	7	128	0	149	0	17	48	15	128	62	125	20	102	13	27	55	92	34	56	30	44	38	113	16	53	4.00E-269
2L	3178551	G	A	134	0	119	3	127	0	106	15	53	0	67	0	144	0	119	1	98	0	153	0	17	55	12	139	15	147	16	104	5	31	31	109	24	49	18	59	18	116	13	63	2.96439387504748e-323
2L	3211086	T	C	138	0	115	2	128	0	79	14	63	0	89	0	144	0	89	0	90	0	104	0	8	51	20	118	10	134	38	70	8	27	45	104	31	42	19	57	19	94	7	73	1.96E-274
2L	3727143	T	C	114	4	124	7	120	7	87	17	56	2	77	0	127	1	109	0	97	0	133	0	13	52	37	102	26	144	3	85	4	40	35	106	13	74	11	61	29	104	17	58	4.70E-285
2L	4265950	C	T	100	4	128	2	131	0	115	7	93	0	86	0	160	1	95	0	119	0	108	0	28	37	30	111	31	121	12	87	4	25	47	48	27	56	30	30	18	91	19	22	2.15E-244
2L	4331882	T	C	100	0	130	1	124	2	98	8	73	0	69	0	148	0	89	0	113	0	132	0	26	62	19	102	18	107	21	85	3	38	65	56	28	46	42	44	16	99	33	52	2.64E-252
2L	4394820	C	A	114	0	106	3	133	1	100	4	72	0	66	0	132	0	98	0	93	0	127	0	14	48	24	72	11	118	9	67	2	26	35	56	16	53	15	40	15	92	16	46	2.51E-266
2L	4412250	T	C	94	0	100	3	113	0	91	7	77	0	57	0	112	0	88	0	85	0	104	0	17	43	21	92	15	138	17	103	1	30	42	81	19	62	19	39	15	113	17	53	1.46E-262
2L	5579341	A	G	114	0	129	13	119	7	72	20	69	0	67	0	129	0	80	5	93	0	99	2	6	53	12	94	4	131	0	95	4	27	26	99	13	59	5	64	33	77	6	49	6.06E-285
2L	5630344	T	C	98	0	141	11	142	9	87	47	83	0	84	0	140	0	97	3	115	3	92	6	6	57	23	138	9	153	28	69	4	18	18	111	13	63	13	57	25	97	3	60	1.81E-284
2L	5673375	T	G	142	2	152	3	160	12	106	44	92	0	80	0	155	8	91	24	90	17	128	7	7	61	16	100	6	134	17	69	0	34	14	103	15	60	19	72	47	85	7	53	3.52E-274
2L	5735118	T	G	0	102	6	136	10	115	27	86	0	90	0	86	1	151	20	66	8	105	7	122	58	5	78	15	186	10	90	13	38	2	82	23	70	18	53	20	120	10	51	6	8.58E-290
2L	5815705	G	A	0	76	5	128	7	112	24	58	0	53	0	72	0	120	5	97	11	86	1	95	45	6	105	23	115	4	72	0	20	3	103	21	60	11	42	13	94	8	43	5	1.40E-261
2L	5894963	C	T	12	96	7	97	0	118	19	55	0	62	0	50	3	113	3	84	5	75	0	108	48	3	96	5	94	7	87	0	36	0	102	4	75	4	51	2	111	0	52	0	6.56E-303
2L	5994543	T	C	136	0	138	2	132	0	134	15	90	0	73	0	144	0	112	0	107	0	132	0	22	59	44	83	21	129	7	112	9	26	35	99	27	50	38	39	21	105	19	57	1.21E-287
2L	6040883	G	A	0	128	11	113	23	109	42	59	7	73	7	58	1	141	3	91	9	100	9	115	66	9	110	8	157	17	98	2	28	2	124	7	103	8	79	6	108	7	63	2	1.53845700001776e-313
2L	6090933	G	T	6	106	13	85	30	115	17	74	1	71	4	56	16	122	4	86	15	63	35	65	52	4	109	3	116	8	88	0	30	1	111	7	100	5	77	13	106	11	63	3	4.86E-260
2L	6112731	C	A	18	78	13	103	26	94	30	91	9	56	8	72	22	123	6	92	14	67	30	72	64	7	108	15	116	13	117	0	41	0	110	10	91	2	84	7	132	15	74	2	4.05E-257
2L	6334581	G	A	86	16	122	0	96	15	102	17	69	10	77	0	112	28	113	3	105	0	92	14	9	59	49	79	27	119	0	99	3	17	19	78	10	54	11	46	16	122	9	44	9.02E-231
2L	6622179	C	G	90	0	112	7	123	14	108	14	67	12	78	0	131	7	87	2	113	0	119	12	12	38	34	81	31	87	3	97	4	27	33	90	1	74	25	39	13	92	3	39	2.01E-243
2L	6661063	T	A	108	0	135	0	169	0	113	11	93	0	83	1	139	0	105	0	117	0	151	0	22	53	47	82	63	98	25	87	11	24	62	75	13	61	25	36	55	83	8	53	1.02E-241
2L	6763833	T	C	0	102	5	124	9	115	29	112	3	83	0	102	31	131	1	105	0	137	40	76	66	4	97	30	155	31	108	0	33	8	119	14	81	2	79	8	109	16	64	4	3.24463399999994e-311
2L	6801876	C	T	8	88	15	116	10	139	43	81	9	61	0	91	38	128	5	114	0	93	41	93	92	2	125	16	137	18	130	0	22	1	118	13	105	6	80	7	126	11	72	1	8.96993100000001e-311
2L	7449539	G	A	100	16	127	1	145	1	109	12	83	1	71	0	164	0	98	0	98	0	124	0	17	44	24	117	64	92	28	97	10	35	35	105	16	60	24	82	17	117	13	53	3.22E-272
2L	7460386	A	G	70	8	130	1	161	1	148	7	63	0	100	0	125	0	119	0	99	0	130	0	14	58	25	111	54	89	21	96	10	20	31	97	26	63	15	57	13	123	10	53	2.44E-289
2L	9799294	A	G	120	14	116	5	135	3	111	15	44	1	72	1	118	0	96	0	109	0	104	1	26	40	35	77	29	96	17	105	5	28	30	89	9	76	16	63	26	106	7	59	1.30E-255
2L	9801815	T	C	126	18	111	8	138	6	98	12	63	2	59	3	150	3	124	0	108	0	98	0	22	42	53	109	45	97	12	77	8	33	45	112	14	75	26	62	32	105	15	61	1.53E-238
2L	9952686	A	G	26	82	14	127	15	107	21	96	30	43	12	58	0	141	14	70	53	57	18	93	53	9	135	23	143	12	93	0	41	3	115	20	93	0	59	16	120	5	66	8	1.73E-238
2L	11533494	T	C	102	36	144	8	146	1	80	39	63	15	92	3	142	8	98	5	111	0	117	3	18	62	21	88	63	122	1	120	0	31	42	82	9	74	32	27	14	122	21	55	1.74E-241
2L	11698817	A	G	112	2	106	2	116	0	95	8	61	0	55	0	121	0	76	6	100	0	117	0	13	39	30	89	54	112	3	71	7	17	36	104	14	70	36	43	24	88	10	47	4.04E-232
2L	13583839	G	T	78	0	100	1	110	5	94	6	39	0	68	0	146	0	93	0	85	0	107	0	12	43	12	99	12	102	11	66	4	26	24	87	23	44	15	66	15	111	17	39	3.28E-258
2L	13646450	G	C	20	68	37	82	43	63	27	56	8	45	10	68	0	128	17	66	9	83	22	68	56	6	118	1	139	1	94	4	35	1	143	11	67	18	85	2	136	9	69	2	1.47E-234
2L	15739428	T	G	12	134	18	108	11	125	31	73	19	41	44	29	1	147	15	85	31	79	18	106	73	4	129	23	110	12	130	1	35	3	147	7	74	14	108	4	136	14	63	10	1.05E-258
2L	20397064	A	C	116	0	72	27	108	7	68	26	54	2	75	0	117	0	77	0	102	0	100	0	7	41	35	90	14	103	17	78	6	27	15	116	11	64	7	70	10	109	7	52	9.94E-245
2L	20416215	T	C	136	2	104	33	129	9	97	38	79	8	76	0	159	1	117	0	112	0	130	0	4	49	2	125	17	134	16	87	5	26	9	115	11	59	8	87	16	128	4	51	1.0721224514755e-321
2L	20525371	C	T	6	98	10	99	7	129	16	98	8	54	19	65	0	107	2	90	0	96	0	87	62	3	102	0	148	13	82	4	25	0	134	8	79	8	84	3	115	9	61	3	1.18575755001899e-322
2L	20567124	A	T	110	0	128	4	110	6	81	11	66	9	66	10	120	1	79	0	83	0	89	0	10	32	12	108	37	99	24	77	1	28	25	96	12	61	8	73	25	94	16	53	1.36E-242
2L	20672396	C	T	130	0	127	4	156	0	105	13	81	15	67	13	148	0	69	0	115	0	134	0	11	55	9	105	28	107	19	83	5	30	35	100	16	57	14	49	50	72	14	47	1.40E-263
2L	20749370	G	A	120	10	139	1	148	0	110	15	45	13	53	10	152	0	94	0	121	0	120	2	11	43	15	107	23	128	22	74	3	31	33	96	15	63	15	66	38	103	19	58	1.52E-271
2L	20783388	A	T	130	12	135	9	145	0	114	9	66	16	73	20	139	0	107	0	98	0	145	1	13	64	9	122	16	127	23	87	2	39	30	106	18	77	11	59	35	82	7	57	3.32E-298
2L	20801145	G	T	138	4	110	0	125	0	111	10	67	7	80	10	143	0	97	0	115	0	124	0	13	66	10	142	16	129	33	95	10	32	29	121	18	58	11	87	50	93	26	50	9.28E-298
2R	8452546	G	A	134	0	121	0	110	0	110	3	68	0	84	0	134	0	97	0	101	0	119	0	27	46	44	104	33	134	36	99	15	23	52	85	42	41	35	74	61	77	34	49	9.26E-225
2R	8569937	T	G	126	0	159	2	150	0	112	15	57	10	61	0	121	9	101	2	102	0	115	21	9	66	30	92	36	101	28	71	7	23	36	93	31	47	18	77	25	91	26	47	1.08E-234
2R	10243720	C	G	124	0	154	2	132	0	142	12	79	0	81	0	159	0	105	1	128	0	125	1	20	44	49	85	41	123	43	73	10	24	42	98	21	56	17	62	63	75	25	33	2.35E-240
2R	11162967	T	C	10	128	20	96	22	83	35	80	7	54	0	72	47	81	33	69	17	71	1	111	59	17	124	3	132	3	110	0	33	0	119	9	65	8	77	0	123	5	62	5	1.21E-255
2R	11846148	C	T	124	8	127	17	138	4	93	29	88	21	74	1	163	2	73	31	96	0	124	3	9	61	18	112	14	104	19	118	8	25	27	126	12	58	2	53	36	99	24	55	1.87E-259
2R	11893273	C	T	106	6	104	18	149	1	110	18	58	15	67	1	159	0	77	19	115	0	151	2	15	71	14	108	7	123	13	111	6	25	22	128	7	89	8	88	34	82	7	46	3.61E-303
2R	11932032	C	G	130	0	136	3	143	0	128	8	89	0	88	0	143	0	115	0	119	1	120	0	22	46	59	63	36	116	27	85	8	17	40	88	17	65	20	67	59	74	14	45	3.46E-250
2R	14818404	G	A	20	126	11	128	50	96	62	76	35	48	19	73	34	125	31	75	16	101	4	141	63	10	109	10	134	29	110	8	36	2	131	5	89	7	60	0	114	13	59	3	1.26E-231
2R	15014175	C	G	0	118	21	87	6	104	36	48	22	29	0	83	34	84	8	75	0	79	2	105	44	1	96	4	122	1	72	1	26	0	109	5	53	2	82	2	101	10	50	6	3.10E-258
2R	15195922	T	C	6	134	40	78	54	87	56	55	30	30	8	64	4	157	37	54	4	79	36	66	76	0	141	1	154	14	115	3	28	1	133	8	75	4	89	0	139	7	73	6	4.52E-244
2R	15646421	G	A	4	102	36	115	0	136	28	79	0	72	17	54	1	133	0	103	0	121	2	115	62	8	102	6	86	30	110	2	32	4	118	9	67	5	60	2	101	8	56	5	8.77E-300
2R	15739964	C	T	16	122	25	115	32	128	37	96	0	86	17	65	3	153	1	100	1	118	0	126	61	2	115	8	145	24	111	2	32	4	110	14	75	15	85	0	127	10	38	9	1.01E-306
2R	15764107	T	G	94	14	134	2	113	25	98	39	99	1	66	17	132	1	123	0	107	2	139	0	9	29	16	99	25	116	2	95	3	32	10	101	8	70	1	64	10	124	9	48	7.97E-291
2R	15807656	A	G	20	92	34	88	23	94	57	63	20	55	39	32	1	156	9	110	1	88	9	110	63	0	112	4	125	14	101	0	26	4	114	15	57	9	69	7	95	12	51	7	2.45E-222
2R	16601634	G	A	108	16	115	10	127	6	99	15	74	9	70	12	155	1	87	0	108	6	129	0	6	46	18	91	42	88	16	87	6	39	32	62	20	61	12	53	37	76	16	56	7.42E-226
2R	18407331	T	C	98	24	132	1	169	0	120	13	94	0	82	0	146	4	108	2	112	0	140	0	17	48	38	109	45	127	32	85	9	26	61	83	19	53	45	38	61	80	25	38	3.00E-222
2R	18485185	T	C	106	0	108	1	110	0	92	18	63	0	70	0	140	0	82	2	101	0	129	0	10	42	21	92	15	130	26	82	7	24	23	101	14	68	13	57	56	83	18	45	9.82E-256
2R	18523555	T	C	134	0	116	7	161	0	110	33	75	0	81	0	162	0	118	2	124	0	99	0	10	57	12	112	14	167	6	105	6	33	18	100	24	62	21	64	41	100	19	49	6.4228533959362e-323
2R	18564786	G	T	132	0	154	4	146	0	116	14	83	0	62	0	164	7	99	5	106	0	108	0	8	65	14	111	14	140	2	99	6	30	29	94	16	50	23	49	33	92	8	32	2.15791699999999e-310
2R	18626850	C	T	172	0	133	6	188	0	159	17	99	0	98	0	175	23	111	1	140	0	171	1	20	57	46	98	38	152	18	99	18	27	52	113	37	56	42	54	53	106	19	44	2.44E-283
2R	19198631	G	A	38	118	51	105	68	84	40	94	6	75	0	75	42	129	14	116	25	87	31	95	81	7	142	4	158	7	111	0	37	0	152	7	73	10	76	2	149	3	76	4	1.22E-267
2R	19693971	C	A	8	142	20	92	90	34	58	20	24	27	2	72	7	109	7	78	3	97	17	89	63	2	120	1	111	8	82	9	34	5	144	3	66	4	81	0	105	2	64	1	3.12E-230
2R	21693956	C	A	32	104	35	125	10	143	60	79	16	85	0	86	2	182	20	112	0	131	4	108	69	7	107	11	132	31	132	0	36	3	136	6	77	13	87	6	108	10	64	1	3.77377199867573e-315
2R	21732051	A	G	54	58	12	106	11	121	24	68	3	50	0	75	20	125	0	105	16	87	4	86	59	5	129	8	154	4	94	0	41	0	127	14	69	8	67	2	106	12	66	2	9.51E-286
2R	21786327	C	T	58	86	10	127	2	155	36	88	3	68	14	66	24	139	17	90	14	97	7	126	63	4	129	9	147	8	103	9	34	5	116	9	89	5	89	0	127	15	59	8	1.89E-299
2R	21825170	A	T	16	96	14	137	7	141	36	101	0	94	9	64	0	146	15	93	5	119	2	121	69	5	140	25	167	17	102	17	29	0	133	11	69	6	83	11	118	25	65	9	2.33598288692037e-317
2R	21861391	C	T	92	20	116	10	154	0	81	25	63	2	71	10	151	0	104	7	103	11	125	3	5	81	39	108	40	146	14	106	3	29	15	143	19	87	11	82	20	119	15	52	7.31E-290
2R	22878088	C	T	104	18	131	8	125	8	98	25	82	2	77	2	155	0	103	6	88	9	97	1	17	45	26	116	27	113	3	95	3	38	28	106	20	44	15	60	21	119	12	59	2.01E-261
2R	23029842	C	A	16	60	14	147	84	63	25	97	5	68	8	82	0	141	17	102	0	92	15	92	63	17	119	10	112	23	83	18	21	5	103	9	66	2	60	7	113	19	52	8	7.41E-220
3L	684844	A	T	6	122	15	136	27	96	51	60	3	66	2	81	62	78	14	74	19	84	47	71	67	0	135	21	150	10	114	0	35	1	119	15	92	8	74	7	107	6	63	0	1.96E-248
3L	719871	T	C	22	118	10	113	12	114	46	67	6	74	3	84	43	95	9	85	17	90	30	76	60	5	121	9	149	11	113	0	38	1	99	15	58	2	81	11	123	4	64	4	3.54E-265
3L	774317	T	C	2	134	9	125	9	116	44	90	2	77	1	107	48	108	15	101	22	78	55	86	58	10	82	36	131	9	105	0	29	1	115	19	71	6	65	12	122	10	56	6	1.15E-247
3L	1240269	T	C	132	10	159	0	166	4	168	20	90	0	77	1	160	25	110	21	137	1	137	13	24	47	12	131	76	99	17	90	3	27	44	100	15	70	28	45	29	110	17	48	1.24E-264
3L	1273152	T	A	146	0	132	1	143	5	90	43	70	0	93	3	144	23	94	17	113	0	105	7	14	57	22	96	85	105	34	101	8	32	56	102	27	58	31	51	41	136	16	73	7.34E-217
3L	7315037	A	G	92	6	120	1	112	17	98	19	57	6	79	0	134	19	104	3	107	1	122	5	30	38	8	117	15	144	3	113	7	39	16	119	20	61	5	79	25	92	8	70	1.07E-291
3L	8674408	T	C	14	122	4	122	22	112	29	81	2	67	5	77	34	139	23	59	21	94	13	116	42	4	114	28	127	26	91	12	38	8	110	14	80	7	84	21	126	14	76	13	2.16E-239
3L	9479257	T	A	48	98	30	145	16	147	42	95	13	77	6	88	39	118	34	64	28	101	2	135	69	3	121	1	156	4	121	1	23	1	107	8	72	17	74	1	149	7	62	3	3.14E-286
3L	14651658	A	G	0	88	1	113	0	108	8	98	0	61	0	72	0	128	0	85	0	73	0	97	44	6	97	7	124	14	83	14	31	1	98	13	80	4	52	7	121	14	38	14	1.38E-304
3L	14741378	A	G	16	118	40	101	0	129	20	97	14	62	0	87	0	123	13	89	0	130	1	114	49	12	104	28	140	12	85	6	24	1	102	21	65	8	55	10	108	15	56	5	5.19E-273
3L	15299546	C	A	20	118	16	126	0	145	50	67	7	68	6	70	1	145	19	80	26	74	18	103	64	3	114	12	141	5	87	3	22	1	107	9	60	5	77	3	111	14	49	3	1.85E-275
3L	15304610	A	G	36	90	27	119	3	138	76	69	10	71	19	85	7	169	16	88	26	88	13	123	52	3	120	12	138	9	92	7	33	1	105	11	63	2	71	2	97	11	55	8	3.05E-254
3L	15898327	G	A	6	98	6	99	10	94	19	76	15	40	17	51	0	128	11	84	2	75	0	110	46	7	93	28	133	1	81	4	28	0	105	3	49	10	64	4	95	8	51	1	2.12E-258
3L	15973354	G	T	22	112	5	122	37	131	43	120	28	60	28	52	5	170	89	33	3	125	16	137	53	13	76	22	139	5	116	6	34	2	139	10	62	21	48	7	128	3	53	7	8.63E-240
3L	16178522	T	C	124	0	127	2	125	0	133	5	75	0	84	0	150	0	104	0	103	0	135	0	14	58	67	61	59	97	33	77	9	33	27	90	21	55	10	58	27	90	15	63	1.92E-259
3L	17026496	C	T	94	0	131	1	110	0	101	4	69	0	71	0	122	0	98	0	92	0	131	0	10	41	24	94	20	111	34	75	5	22	16	83	14	73	9	52	20	88	4	34	4.87E-273
3L	17053177	T	C	116	0	104	3	131	0	118	3	93	0	79	0	144	0	93	0	122	0	101	0	23	35	32	63	39	116	28	76	13	27	36	88	14	53	12	59	26	76	6	44	1.02E-251
3L	17591505	A	T	6	140	2	97	1	115	12	74	8	53	7	43	20	113	0	62	0	81	1	99	45	4	117	14	132	22	83	0	46	2	133	2	71	3	72	0	122	0	79	4	1.32136201860328e-316
3L	17600557	T	G	8	106	0	113	3	117	9	82	3	64	4	67	24	108	0	92	0	98	2	98	42	10	104	15	110	10	74	1	36	2	95	16	57	5	66	2	85	9	50	8	2.40E-283
3L	19244899	A	G	130	0	132	1	110	0	86	5	55	0	74	0	131	2	80	0	83	0	93	12	20	42	37	105	39	117	19	93	6	32	42	95	16	73	12	79	46	86	25	43	1.39E-240
3L	20296744	G	T	138	0	105	8	124	5	81	63	60	16	55	13	148	3	96	0	100	0	89	11	12	49	16	141	4	138	6	85	0	37	25	111	12	61	3	71	2	116	4	41	8.69E-289
3L	20307739	A	C	156	0	115	14	138	6	82	36	99	9	69	8	148	0	128	1	104	0	115	6	18	53	18	105	5	130	11	86	0	37	24	114	5	71	8	58	7	109	11	48	1.82059899999982e-311
3L	20354297	C	A	154	0	127	6	149	3	118	49	76	19	75	10	160	0	137	1	100	0	117	7	15	58	10	117	25	174	14	95	7	24	23	86	8	60	7	65	5	110	4	46	2.50770301074344e-316
3L	20441226	C	T	106	2	134	3	143	5	78	48	60	8	56	9	132	3	105	2	109	1	122	9	15	46	11	111	11	132	10	97	2	33	31	101	9	69	8	52	4	101	6	57	1.72E-288
3L	20468038	T	A	108	12	120	10	123	8	92	39	55	24	70	14	150	4	103	0	117	0	127	8	17	62	17	109	10	180	7	110	0	33	18	134	9	78	6	72	4	118	6	59	1.46385178602801e-317
3L	20506330	G	C	112	0	145	6	140	9	89	40	68	21	66	10	159	3	131	0	116	0	130	6	24	55	24	118	6	159	7	117	2	35	37	111	11	66	11	69	8	120	7	56	6.35699444534557e-318
3L	20557894	A	G	88	6	101	4	121	8	66	33	33	14	60	8	133	0	82	4	84	0	94	17	9	57	18	112	9	145	5	95	0	33	31	107	5	88	8	82	11	112	10	51	4.12E-270
3L	20624856	A	C	8	112	5	108	11	98	39	53	37	29	9	60	4	147	3	84	6	86	4	91	67	10	103	16	147	8	86	3	24	0	130	15	70	7	84	7	111	11	52	12	5.92E-267
3L	20690482	C	A	6	126	8	97	11	135	34	63	26	46	7	66	0	121	5	88	5	80	7	85	48	16	117	15	163	3	98	3	29	0	88	13	69	9	85	9	103	10	52	11	8.10E-274
3L	20701781	G	C	8	84	13	114	6	120	48	53	35	42	10	74	4	125	2	81	4	86	5	105	48	5	97	12	117	4	78	5	35	0	102	17	70	4	58	10	117	11	62	4	3.04E-257
3L	20941490	T	G	120	2	112	4	67	57	62	63	55	26	78	0	156	3	129	0	99	0	110	1	12	45	15	94	10	140	3	129	5	25	16	108	20	47	13	65	7	116	8	55	5.05E-254
3L	20962713	G	A	10	138	5	167	65	77	84	55	17	57	4	99	2	175	0	130	0	135	4	119	59	16	151	8	172	9	134	3	37	2	118	17	61	23	97	12	127	8	64	13	1.08441974540049e-318
3L	21009121	A	G	118	2	117	3	80	48	78	58	69	4	79	0	158	2	113	0	112	0	120	8	16	50	24	82	16	133	5	91	0	31	24	103	27	63	10	91	19	102	18	40	2.97E-249
3L	21067504	A	C	26	120	8	131	71	88	71	92	14	72	0	101	4	166	16	110	0	133	6	109	70	15	147	16	174	10	103	4	44	1	140	21	95	7	97	11	147	12	59	11	5.19880399949082e-315
3L	21149844	A	G	34	82	6	115	40	81	40	63	4	66	0	71	2	154	6	81	2	95	3	107	60	1	123	7	143	9	91	0	40	1	120	8	78	0	81	0	110	1	53	5	6.62E-304
3L	21150086	C	T	30	84	9	105	56	83	55	74	5	58	0	74	3	163	6	102	2	100	7	122	62	5	152	5	137	8	105	0	34	1	136	6	77	2	83	1	134	1	57	4	4.93216400009289e-314
3L	21322980	T	G	102	0	71	39	109	2	65	25	50	11	68	0	110	0	83	0	91	0	95	0	26	42	16	117	16	135	11	89	3	39	26	94	16	44	17	69	10	105	10	56	3.15E-234
3L	21392047	A	G	128	4	117	2	131	4	77	21	63	0	55	1	107	1	80	0	97	0	92	0	20	35	12	99	12	152	18	88	7	35	22	93	23	57	14	56	13	109	21	40	8.20E-262
3R	5205264	A	G	10	124	19	96	7	130	15	115	2	62	30	55	17	96	2	102	36	82	16	82	47	12	120	4	133	25	74	12	33	12	131	12	63	13	71	10	105	14	64	11	9.44E-235
3R	8781885	T	A	132	6	131	0	153	13	121	9	72	0	81	0	171	0	100	11	125	0	135	0	24	33	17	80	33	81	38	59	10	33	46	91	16	61	14	47	32	102	17	42	2.34E-242
3R	14049060	A	G	14	60	3	80	0	79	17	42	13	41	5	57	8	96	6	81	6	94	6	82	43	2	84	8	100	9	69	0	32	0	117	3	45	1	73	1	76	6	57	2	2.44E-242
3R	14139656	G	T	44	86	55	106	1	143	53	88	47	36	26	69	109	68	59	76	35	117	18	106	63	2	146	5	169	4	125	0	39	0	134	5	82	1	83	1	128	7	72	5	2.77E-240
3R	14317104	T	A	52	92	37	115	87	56	58	79	22	71	38	47	19	141	31	104	18	99	2	152	70	4	165	5	151	0	120	1	37	0	143	3	80	0	70	0	138	0	58	0	5.28E-261
3R	18322470	G	C	10	108	8	134	16	116	34	98	7	58	0	76	0	161	18	88	0	119	7	153	67	14	113	46	121	42	107	13	37	3	144	15	67	37	78	9	128	11	71	20	6.35E-279
3R	20598994	G	C	36	70	10	116	56	62	23	69	0	56	1	70	0	161	13	82	12	91	8	103	69	6	131	10	136	4	96	0	33	0	145	14	61	10	77	8	126	6	49	3	5.69E-272
3R	20607003	T	C	36	64	17	106	71	78	50	93	1	88	6	80	3	157	26	83	11	116	13	107	57	3	121	18	176	22	88	11	40	0	147	15	78	27	74	20	110	17	67	13	2.28E-228
3R	20677283	T	C	36	70	10	127	84	44	39	97	5	79	2	71	2	163	38	77	9	94	9	115	52	1	124	9	164	4	105	0	26	0	130	8	63	13	60	10	119	15	75	2	2.13E-256
3R	21678998	G	C	16	98	3	117	0	138	17	87	3	55	1	77	1	134	2	82	7	111	2	112	57	15	109	17	121	11	103	0	28	0	101	24	71	4	71	14	126	12	45	6	0.00E+00
3R	21707315	A	G	8	100	3	111	7	103	18	100	4	62	0	68	0	117	12	87	6	81	5	108	47	14	99	27	133	12	86	0	28	0	93	17	53	7	49	6	108	5	70	5	1.26E-278
3R	21768852	A	G	96	14	145	0	81	9	96	18	62	1	67	0	158	0	100	10	102	0	111	4	15	48	33	59	11	95	0	71	1	23	27	94	12	41	18	66	11	112	7	40	4.74E-247
3R	22089657	A	G	8	82	10	74	22	89	25	68	5	35	11	30	1	114	10	69	14	64	1	66	42	5	138	2	117	3	95	1	29	0	96	22	46	15	77	12	113	8	67	3	5.54E-225
3R	22114121	A	G	94	10	103	16	120	26	99	38	56	6	78	12	142	7	116	2	96	12	87	14	14	61	6	109	19	117	10	88	1	34	36	126	26	55	26	63	15	116	20	61	9.92E-230
3R	22224373	T	A	34	84	10	111	44	58	32	62	14	48	30	48	9	106	6	76	20	72	70	47	66	1	131	0	155	0	97	0	34	0	130	5	65	9	74	1	130	0	49	1	6.44E-229
3R	29608163	T	C	124	4	120	19	135	0	112	17	62	3	78	2	147	0	94	3	116	0	135	0	15	53	27	93	22	114	57	58	17	20	40	90	27	64	23	49	24	93	7	47	1.68E-231
3R	30421366	T	C	156	0	100	7	150	0	103	8	81	0	66	0	152	0	98	0	115	4	108	0	18	71	12	117	42	135	32	107	8	41	57	110	27	74	25	58	69	85	38	34	1.88E-264
